Array size: 1048576
Thread block size: 16
Number of thread blocks: 4096

Clocks per second: 1000000
Number of clock ticks: 7051038
CPU execution time in seconds: 7.051038

Matrix A:
4682 3173 -845 5006 -42 4582 5217 4033 -75 -248 3026 5043 4182 287 3886 -740 5481 3355 4347 4778 1735 763 3855 680 47 928 1793 5082 1550 -698 -882 782 4253 -640 3437 5030 2875 4984 3291 937 3706 318 2466 4694 1355 -644 4043 4963 3196 5500 3753 3027 1615 -716 1845 3757 2421 1682 5516 1329 3295 331 3773 -3 1950 4232 -735 1447 5077 -969 4133 4434 1427 1554 5249 -815 461 3737 5451 1347 568 3909 -948 4228 -129 1380 5398 -453 4595 -29 -664 520 4628 4801 1527 -490 371 4266 667 5293 -928 1198 206 -225 2818 3790 698 3873 4506 3625 2760 -529 3003 5251 5435 3771 300 5193 1116 -477 1678 -431 1262 3616 847 4235 2087 -141 3198 5197 510 -410 1357 -947 800 1526 2938 5269 2708 796 2132 2871 -963 3224 1258 4222 780 4556 2603 321 5288 3106 -524 5522 420 119 3126 2999 -696 5368 4092 816 -898 3206 3985 644 5501 325 4682 3173 -845 5006 -42 4582 5217 4033 -75 -248 3026 5043 4182 287 3886 -740 5481 3355 4347 4778 1735 763 3855 680 47 928 1793 5082 1550 -698 -882 782 4253 -640 3437 5030 2875 4984 3291 937 3706 318 2466 4694 1355 -644 4043 4963 3196 5500 3753 3027 1615 -716 1845 3757 2421 1682 5516 1329 3295 331 3773 -3 1950 4232 -735 1447 5077 -969 4133 4434 1427 1554 5249 -815 461 3737 5451 1347 568 3909 -948 4228 -129 1380 5398 -453 4595 -29 -664 520 4628 4801 1527 -490 371 4266 667 5293 -928 1198 206 -225 2818 3790 698 3873 4506 3625 2760 -529 3003 5251 5435 3771 300 5193 1116 -477 1678 -431 1262 3616 847 4235 2087 -141 3198 5197 510 -410 1357 -947 800 1526 2938 5269 2708 796 2132 2871 -963 3224 1258 4222 780 4556 2603 321 5288 3106 -524 5522 420 119 3126 2999 -696 5368 4092 816 -898 3206 3985 644 5501 325 4682 3173 -845 5006 -42 4582 5217 4033 -75 -248 3026 5043 4182 287 3886 -740 5481 3355 4347 4778 1735 763 3855 680 47 928 1793 5082 1550 -698 -882 782 4253 -640 3437 5030 2875 4984 3291 937 3706 318 2466 4694 1355 -644 4043 4963 3196 5500 3753 3027 1615 -716 1845 3757 2421 1682 5516 1329 3295 331 3773 -3 1950 4232 -735 1447 5077 -969 4133 4434 1427 1554 5249 -815 461 3737 5451 1347 568 3909 -948 4228 -129 1380 5398 -453 4595 -29 -664 520 4628 4801 1527 -490 371 4266 667 5293 -928 1198 206 -225 2818 3790 698 3873 4506 3625 2760 -529 3003 5251 5435 3771 300 5193 1116 -477 1678 -431 1262 3616 847 4235 2087 -141 3198 5197 510 -410 1357 -947 800 1526 2938 5269 2708 796 2132 2871 -963 3224 1258 4222 780 4556 2603 321 5288 3106 -524 5522 420 119 3126 2999 -696 5368 4092 816 -898 3206 3985 644 5501 325 4682 3173 -845 5006 -42 4582 5217 4033 -75 -248 3026 5043 4182 287 3886 -740 5481 3355 4347 4778 1735 763 3855 680 47 928 1793 5082 1550 -698 -882 782 4253 -640 3437 5030 2875 4984 3291 937 3706 318 2466 4694 1355 -644 4043 4963 3196 5500 3753 3027 1615 -716 1845 3757 2421 1682 5516 1329 3295 331 3773 -3 1950 4232 -735 1447 5077 -969 4133 4434 1427 1554 5249 -815 461 3737 5451 1347 568 3909 -948 4228 -129 1380 5398 -453 4595 -29 -664 520 4628 4801 1527 -490 371 4266 667 5293 -928 1198 206 -225 2818 3790 698 3873 4506 3625 2760 -529 3003 5251 5435 3771 300 5193 1116 -477 1678 -431 1262 3616 847 4235 2087 -141 3198 5197 510 -410 1357 -947 800 1526 2938 5269 2708 796 2132 2871 -963 3224 1258 4222 780 4556 2603 321 5288 3106 -524 5522 420 119 3126 2999 -696 5368 4092 816 -898 3206 3985 644 5501 325 4682 3173 -845 5006 -42 4582 5217 4033 -75 -248 3026 5043 4182 287 3886 -740 5481 3355 4347 4778 1735 763 3855 680 47 928 1793 5082 1550 -698 -882 782 4253 -640 3437 5030 2875 4984 3291 937 3706 318 2466 4694 1355 -644 4043 4963 3196 5500 3753 3027 1615 -716 1845 3757 2421 1682 5516 1329 3295 331 3773 -3 1950 4232 -735 1447 5077 -969 4133 4434 1427 1554 5249 -815 461 3737 5451 1347 568 3909 -948 4228 -129 1380 5398 -453 4595 -29 -664 520 4628 4801 1527 -490 371 4266 667 5293 -928 1198 206 -225 2818 3790 698 3873 4506 3625 2760 -529 3003 5251 5435 3771 300 5193 1116 -477 1678 -431 1262 3616 847 4235 2087 -141 3198 5197 510 -410 1357 -947 800 1526 2938 5269 2708 796 2132 2871 -963 3224 1258 4222 780 4556 2603 321 5288 3106 -524 5522 420 119 3126 2999 -696 5368 4092 816 -898 3206 3985 644 5501 325 4682 3173 -845 5006 -42 4582 5217 4033 -75 -248 3026 5043 4182 287 3886 -740 5481 3355 4347 4778 1735 763 3855 680 47 928 1793 5082 1550 -698 -882 782 4253 -640 3437 5030 2875 4984 3291 937 3706 318 2466 4694 1355 -644 4043 4963 3196 5500 3753 3027 1615 -716 1845 3757 2421 1682 5516 1329 3295 331 3773 -3 1950 4232 -735 1447 5077 -969 4133 4434 1427 1554 5249 -815 461 3737 5451 1347 568 3909 -948 4228 -129 1380 5398 -453 4595 -29 -664 520 4628 4801 1527 -490 371 4266 667 5293 -928 1198 206 -225 2818 3790 698 3873 4506 3625 2760 -529 3003 5251 5435 3771 300 5193 1116 -477 1678 -431 1262 3616 847 4235 2087 -141 3198 5197 510 -410 1357 -947 800 1526 2938 5269 2708 796 2132 2871 -963 3224 1258 4222 780 4556 2603 321 5288 3106 -524 5522 420 119 3126 2999 -696 5368 4092 816 -898 3206 3985 644 5501 325 4682 3173 -845 5006 -42 4582 5217 4033 -75 -248 3026 5043 4182 287 3886 -740 

Matrix B:
160 157 155 233 205 60 193 13 172 250 10 19 162 32 117 9 206 88 76 5 225 6 86 174 43 171 32 58 40 51 118 25 233 109 170 6 110 211 24 180 188 63 203 172 96 105 23 190 180 225 235 11 105 33 84 239 158 172 241 70 28 76 4 244 189 212 14 188 53 31 113 163 168 44 225 185 206 219 176 88 62 140 52 208 118 121 123 45 73 218 85 14 106 28 17 8 116 246 161 18 72 190 202 22 53 21 192 104 235 107 246 220 238 227 160 2 45 169 108 21 168 67 3 98 90 215 75 106 182 173 4 88 98 53 43 16 173 245 194 39 120 106 37 208 250 202 23 34 89 66 13 90 225 247 165 115 110 234 53 93 72 59 102 190 216 138 226 70 160 157 155 233 205 60 193 13 172 250 10 19 162 32 117 9 206 88 76 5 225 6 86 174 43 171 32 58 40 51 118 25 233 109 170 6 110 211 24 180 188 63 203 172 96 105 23 190 180 225 235 11 105 33 84 239 158 172 241 70 28 76 4 244 189 212 14 188 53 31 113 163 168 44 225 185 206 219 176 88 62 140 52 208 118 121 123 45 73 218 85 14 106 28 17 8 116 246 161 18 72 190 202 22 53 21 192 104 235 107 246 220 238 227 160 2 45 169 108 21 168 67 3 98 90 215 75 106 182 173 4 88 98 53 43 16 173 245 194 39 120 106 37 208 250 202 23 34 89 66 13 90 225 247 165 115 110 234 53 93 72 59 102 190 216 138 226 70 160 157 155 233 205 60 193 13 172 250 10 19 162 32 117 9 206 88 76 5 225 6 86 174 43 171 32 58 40 51 118 25 233 109 170 6 110 211 24 180 188 63 203 172 96 105 23 190 180 225 235 11 105 33 84 239 158 172 241 70 28 76 4 244 189 212 14 188 53 31 113 163 168 44 225 185 206 219 176 88 62 140 52 208 118 121 123 45 73 218 85 14 106 28 17 8 116 246 161 18 72 190 202 22 53 21 192 104 235 107 246 220 238 227 160 2 45 169 108 21 168 67 3 98 90 215 75 106 182 173 4 88 98 53 43 16 173 245 194 39 120 106 37 208 250 202 23 34 89 66 13 90 225 247 165 115 110 234 53 93 72 59 102 190 216 138 226 70 160 157 155 233 205 60 193 13 172 250 10 19 162 32 117 9 206 88 76 5 225 6 86 174 43 171 32 58 40 51 118 25 233 109 170 6 110 211 24 180 188 63 203 172 96 105 23 190 180 225 235 11 105 33 84 239 158 172 241 70 28 76 4 244 189 212 14 188 53 31 113 163 168 44 225 185 206 219 176 88 62 140 52 208 118 121 123 45 73 218 85 14 106 28 17 8 116 246 161 18 72 190 202 22 53 21 192 104 235 107 246 220 238 227 160 2 45 169 108 21 168 67 3 98 90 215 75 106 182 173 4 88 98 53 43 16 173 245 194 39 120 106 37 208 250 202 23 34 89 66 13 90 225 247 165 115 110 234 53 93 72 59 102 190 216 138 226 70 160 157 155 233 205 60 193 13 172 250 10 19 162 32 117 9 206 88 76 5 225 6 86 174 43 171 32 58 40 51 118 25 233 109 170 6 110 211 24 180 188 63 203 172 96 105 23 190 180 225 235 11 105 33 84 239 158 172 241 70 28 76 4 244 189 212 14 188 53 31 113 163 168 44 225 185 206 219 176 88 62 140 52 208 118 121 123 45 73 218 85 14 106 28 17 8 116 246 161 18 72 190 202 22 53 21 192 104 235 107 246 220 238 227 160 2 45 169 108 21 168 67 3 98 90 215 75 106 182 173 4 88 98 53 43 16 173 245 194 39 120 106 37 208 250 202 23 34 89 66 13 90 225 247 165 115 110 234 53 93 72 59 102 190 216 138 226 70 160 157 155 233 205 60 193 13 172 250 10 19 162 32 117 9 206 88 76 5 225 6 86 174 43 171 32 58 40 51 118 25 233 109 170 6 110 211 24 180 188 63 203 172 96 105 23 190 180 225 235 11 105 33 84 239 158 172 241 70 28 76 4 244 189 212 14 188 53 31 113 163 168 44 225 185 206 219 176 88 62 140 52 208 118 121 123 45 73 218 85 14 106 28 17 8 116 246 161 18 72 190 202 22 53 21 192 104 235 107 246 220 238 227 160 2 45 169 108 21 168 67 3 98 90 215 75 106 182 173 4 88 98 53 43 16 173 245 194 39 120 106 37 208 250 202 23 34 89 66 13 90 225 247 165 115 110 234 53 93 72 59 102 190 216 138 226 70 160 157 155 233 205 60 193 13 172 250 10 19 162 32 117 9 

CPU Output:
3.67262e+08 3.72156e+08 2.78437e+08 2.06205e+08 2.81143e+08 2.49419e+08 2.32673e+08 2.46353e+08 3.67605e+08 3.70509e+08 2.77567e+08 2.05694e+08 2.81687e+08 2.49188e+08 2.31449e+08 2.48111e+08 3.68715e+08 3.71075e+08 2.77646e+08 2.0608e+08 2.80646e+08 2.50363e+08 2.31687e+08 2.46624e+08 3.67604e+08 3.69154e+08 2.78895e+08 2.06621e+08 2.8191e+08 2.5114e+08 2.31607e+08 2.49003e+08 3.68421e+08 3.71357e+08 2.784e+08 2.05815e+08 2.79779e+08 2.50028e+08 2.29436e+08 2.47192e+08 3.68396e+08 3.72152e+08 2.79282e+08 2.05941e+08 2.80009e+08 2.50713e+08 2.29865e+08 2.49058e+08 3.68118e+08 3.70721e+08 2.79378e+08 2.06794e+08 2.812e+08 2.50077e+08 2.31919e+08 2.48499e+08 3.68169e+08 3.71566e+08 2.80121e+08 2.07853e+08 2.81324e+08 2.50855e+08 2.32182e+08 2.48775e+08 3.68084e+08 3.70842e+08 2.77062e+08 2.07211e+08 2.81188e+08 2.50544e+08 2.31684e+08 2.46314e+08 3.67983e+08 3.70942e+08 2.77389e+08 2.08e+08 2.81728e+08 2.51157e+08 2.32009e+08 2.45731e+08 3.65938e+08 3.70959e+08 2.77155e+08 2.0672e+08 2.82112e+08 2.49791e+08 2.32627e+08 2.4575e+08 3.68231e+08 3.71731e+08 2.78792e+08 2.05237e+08 2.81769e+08 2.50129e+08 2.31508e+08 2.46977e+08 3.67688e+08 3.71493e+08 2.77545e+08 2.05391e+08 2.8066e+08 2.50872e+08 2.31583e+08 2.46511e+08 3.68728e+08 3.70409e+08 2.78838e+08 2.05449e+08 2.8177e+08 2.51644e+08 2.31961e+08 2.47884e+08 3.67464e+08 3.70048e+08 2.78792e+08 2.07463e+08 2.80954e+08 2.50776e+08 2.31791e+08 2.47544e+08 3.69595e+08 3.71918e+08 2.77324e+08 2.0607e+08 2.80978e+08 2.49805e+08 2.30756e+08 2.47434e+08 3.69365e+08 3.71296e+08 2.78385e+08 2.06299e+08 2.81257e+08 2.50251e+08 2.29808e+08 2.48115e+08 3.68174e+08 3.71871e+08 2.76912e+08 2.06498e+08 2.81205e+08 2.49126e+08 2.31047e+08 2.48017e+08 3.6805e+08 3.71111e+08 2.79155e+08 2.06947e+08 2.8129e+08 2.51033e+08 2.30874e+08 2.47066e+08 3.68186e+08 3.71403e+08 2.77657e+08 2.07992e+08 2.81391e+08 2.51216e+08 2.32044e+08 2.46534e+08 3.67647e+08 3.69778e+08 2.79638e+08 2.0745e+08 2.83436e+08 2.49938e+08 2.32455e+08 2.47504e+08 3.67262e+08 3.72156e+08 2.78437e+08 2.06205e+08 2.81143e+08 2.49419e+08 2.32673e+08 2.46353e+08 3.67605e+08 3.70509e+08 2.77567e+08 2.05694e+08 2.81687e+08 2.49188e+08 2.31449e+08 2.48111e+08 3.68715e+08 3.71075e+08 2.77646e+08 2.0608e+08 2.80646e+08 2.50363e+08 2.31687e+08 2.46624e+08 3.67604e+08 3.69154e+08 2.78895e+08 2.06621e+08 2.8191e+08 2.5114e+08 2.31607e+08 2.49003e+08 3.68421e+08 3.71357e+08 2.784e+08 2.05815e+08 2.79779e+08 2.50028e+08 2.29436e+08 2.47192e+08 3.68396e+08 3.72152e+08 2.79282e+08 2.05941e+08 2.80009e+08 2.50713e+08 2.29865e+08 2.49058e+08 3.68118e+08 3.70721e+08 2.79378e+08 2.06794e+08 2.812e+08 2.50077e+08 2.31919e+08 2.48499e+08 3.68169e+08 3.71566e+08 2.80121e+08 2.07853e+08 2.81324e+08 2.50855e+08 2.32182e+08 2.48775e+08 3.68084e+08 3.70842e+08 2.77062e+08 2.07211e+08 2.81188e+08 2.50544e+08 2.31684e+08 2.46314e+08 3.67983e+08 3.70942e+08 2.77389e+08 2.08e+08 2.81728e+08 2.51157e+08 2.32009e+08 2.45731e+08 3.65938e+08 3.70959e+08 2.77155e+08 2.0672e+08 2.82112e+08 2.49791e+08 2.32627e+08 2.4575e+08 3.68231e+08 3.71731e+08 2.78792e+08 2.05237e+08 2.81769e+08 2.50129e+08 2.31508e+08 2.46977e+08 3.67688e+08 3.71493e+08 2.77545e+08 2.05391e+08 2.8066e+08 2.50872e+08 2.31583e+08 2.46511e+08 3.68728e+08 3.70409e+08 2.78838e+08 2.05449e+08 2.8177e+08 2.51644e+08 2.31961e+08 2.47884e+08 3.67464e+08 3.70048e+08 2.78792e+08 2.07463e+08 2.80954e+08 2.50776e+08 2.31791e+08 2.47544e+08 3.69595e+08 3.71918e+08 2.77324e+08 2.0607e+08 2.80978e+08 2.49805e+08 2.30756e+08 2.47434e+08 3.69365e+08 3.71296e+08 2.78385e+08 2.06299e+08 2.81257e+08 2.50251e+08 2.29808e+08 2.48115e+08 3.68174e+08 3.71871e+08 2.76912e+08 2.06498e+08 2.81205e+08 2.49126e+08 2.31047e+08 2.48017e+08 3.6805e+08 3.71111e+08 2.79155e+08 2.06947e+08 2.8129e+08 2.51033e+08 2.30874e+08 2.47066e+08 3.68186e+08 3.71403e+08 2.77657e+08 2.07992e+08 2.81391e+08 2.51216e+08 2.32044e+08 2.46534e+08 3.67647e+08 3.69778e+08 2.79638e+08 2.0745e+08 2.83436e+08 2.49938e+08 2.32455e+08 2.47504e+08 3.67262e+08 3.72156e+08 2.78437e+08 2.06205e+08 2.81143e+08 2.49419e+08 2.32673e+08 2.46353e+08 3.67605e+08 3.70509e+08 2.77567e+08 2.05694e+08 2.81687e+08 2.49188e+08 2.31449e+08 2.48111e+08 3.68715e+08 3.71075e+08 2.77646e+08 2.0608e+08 2.80646e+08 2.50363e+08 2.31687e+08 2.46624e+08 3.67604e+08 3.69154e+08 2.78895e+08 2.06621e+08 2.8191e+08 2.5114e+08 2.31607e+08 2.49003e+08 3.68421e+08 3.71357e+08 2.784e+08 2.05815e+08 2.79779e+08 2.50028e+08 2.29436e+08 2.47192e+08 3.68396e+08 3.72152e+08 2.79282e+08 2.05941e+08 2.80009e+08 2.50713e+08 2.29865e+08 2.49058e+08 3.68118e+08 3.70721e+08 2.79378e+08 2.06794e+08 2.812e+08 2.50077e+08 2.31919e+08 2.48499e+08 3.68169e+08 3.71566e+08 2.80121e+08 2.07853e+08 2.81324e+08 2.50855e+08 2.32182e+08 2.48775e+08 3.68084e+08 3.70842e+08 2.77062e+08 2.07211e+08 2.81188e+08 2.50544e+08 2.31684e+08 2.46314e+08 3.67983e+08 3.70942e+08 2.77389e+08 2.08e+08 2.81728e+08 2.51157e+08 2.32009e+08 2.45731e+08 3.65938e+08 3.70959e+08 2.77155e+08 2.0672e+08 2.82112e+08 2.49791e+08 2.32627e+08 2.4575e+08 3.68231e+08 3.71731e+08 2.78792e+08 2.05237e+08 2.81769e+08 2.50129e+08 2.31508e+08 2.46977e+08 3.67688e+08 3.71493e+08 2.77545e+08 2.05391e+08 2.8066e+08 2.50872e+08 2.31583e+08 2.46511e+08 3.68728e+08 3.70409e+08 2.78838e+08 2.05449e+08 2.8177e+08 2.51644e+08 2.31961e+08 2.47884e+08 3.67464e+08 3.70048e+08 2.78792e+08 2.07463e+08 2.80954e+08 2.50776e+08 2.31791e+08 2.47544e+08 3.69595e+08 3.71918e+08 2.77324e+08 2.0607e+08 2.80978e+08 2.49805e+08 2.30756e+08 2.47434e+08 3.69365e+08 3.71296e+08 2.78385e+08 2.06299e+08 2.81257e+08 2.50251e+08 2.29808e+08 2.48115e+08 3.68174e+08 3.71871e+08 2.76912e+08 2.06498e+08 2.81205e+08 2.49126e+08 2.31047e+08 2.48017e+08 3.6805e+08 3.71111e+08 2.79155e+08 2.06947e+08 2.8129e+08 2.51033e+08 2.30874e+08 2.47066e+08 3.68186e+08 3.71403e+08 2.77657e+08 2.07992e+08 2.81391e+08 2.51216e+08 2.32044e+08 2.46534e+08 3.67647e+08 3.69778e+08 2.79638e+08 2.0745e+08 2.83436e+08 2.49938e+08 2.32455e+08 2.47504e+08 3.67262e+08 3.72156e+08 2.78437e+08 2.06205e+08 2.81143e+08 2.49419e+08 2.32673e+08 2.46353e+08 3.67605e+08 3.70509e+08 2.77567e+08 2.05694e+08 2.81687e+08 2.49188e+08 2.31449e+08 2.48111e+08 3.68715e+08 3.71075e+08 2.77646e+08 2.0608e+08 2.80646e+08 2.50363e+08 2.31687e+08 2.46624e+08 3.67604e+08 3.69154e+08 2.78895e+08 2.06621e+08 2.8191e+08 2.5114e+08 2.31607e+08 2.49003e+08 3.68421e+08 3.71357e+08 2.784e+08 2.05815e+08 2.79779e+08 2.50028e+08 2.29436e+08 2.47192e+08 3.68396e+08 3.72152e+08 2.79282e+08 2.05941e+08 2.80009e+08 2.50713e+08 2.29865e+08 2.49058e+08 3.68118e+08 3.70721e+08 2.79378e+08 2.06794e+08 2.812e+08 2.50077e+08 2.31919e+08 2.48499e+08 3.68169e+08 3.71566e+08 2.80121e+08 2.07853e+08 2.81324e+08 2.50855e+08 2.32182e+08 2.48775e+08 3.68084e+08 3.70842e+08 2.77062e+08 2.07211e+08 2.81188e+08 2.50544e+08 2.31684e+08 2.46314e+08 3.67983e+08 3.70942e+08 2.77389e+08 2.08e+08 2.81728e+08 2.51157e+08 2.32009e+08 2.45731e+08 3.65938e+08 3.70959e+08 2.77155e+08 2.0672e+08 2.82112e+08 2.49791e+08 2.32627e+08 2.4575e+08 3.68231e+08 3.71731e+08 2.78792e+08 2.05237e+08 2.81769e+08 2.50129e+08 2.31508e+08 2.46977e+08 3.67688e+08 3.71493e+08 2.77545e+08 2.05391e+08 2.8066e+08 2.50872e+08 2.31583e+08 2.46511e+08 3.68728e+08 3.70409e+08 2.78838e+08 2.05449e+08 2.8177e+08 2.51644e+08 2.31961e+08 2.47884e+08 3.67464e+08 3.70048e+08 2.78792e+08 2.07463e+08 2.80954e+08 2.50776e+08 2.31791e+08 2.47544e+08 3.69595e+08 3.71918e+08 2.77324e+08 2.0607e+08 2.80978e+08 2.49805e+08 2.30756e+08 2.47434e+08 3.69365e+08 3.71296e+08 2.78385e+08 2.06299e+08 2.81257e+08 2.50251e+08 2.29808e+08 2.48115e+08 3.68174e+08 3.71871e+08 2.76912e+08 2.06498e+08 2.81205e+08 2.49126e+08 2.31047e+08 2.48017e+08 3.6805e+08 3.71111e+08 2.79155e+08 2.06947e+08 2.8129e+08 2.51033e+08 2.30874e+08 2.47066e+08 3.68186e+08 3.71403e+08 2.77657e+08 2.07992e+08 2.81391e+08 2.51216e+08 2.32044e+08 2.46534e+08 3.67647e+08 3.69778e+08 2.79638e+08 2.0745e+08 2.83436e+08 2.49938e+08 2.32455e+08 2.47504e+08 3.67262e+08 3.72156e+08 2.78437e+08 2.06205e+08 2.81143e+08 2.49419e+08 2.32673e+08 2.46353e+08 3.67605e+08 3.70509e+08 2.77567e+08 2.05694e+08 2.81687e+08 2.49188e+08 2.31449e+08 2.48111e+08 3.68715e+08 3.71075e+08 2.77646e+08 2.0608e+08 2.80646e+08 2.50363e+08 2.31687e+08 2.46624e+08 3.67604e+08 3.69154e+08 2.78895e+08 2.06621e+08 2.8191e+08 2.5114e+08 2.31607e+08 2.49003e+08 3.68421e+08 3.71357e+08 2.784e+08 2.05815e+08 2.79779e+08 2.50028e+08 2.29436e+08 2.47192e+08 3.68396e+08 3.72152e+08 2.79282e+08 2.05941e+08 2.80009e+08 2.50713e+08 2.29865e+08 2.49058e+08 3.68118e+08 3.70721e+08 2.79378e+08 2.06794e+08 2.812e+08 2.50077e+08 2.31919e+08 2.48499e+08 3.68169e+08 3.71566e+08 2.80121e+08 2.07853e+08 2.81324e+08 2.50855e+08 2.32182e+08 2.48775e+08 3.68084e+08 3.70842e+08 2.77062e+08 2.07211e+08 2.81188e+08 2.50544e+08 2.31684e+08 2.46314e+08 3.67983e+08 3.70942e+08 2.77389e+08 2.08e+08 2.81728e+08 2.51157e+08 2.32009e+08 2.45731e+08 3.65938e+08 3.70959e+08 2.77155e+08 2.0672e+08 2.82112e+08 2.49791e+08 2.32627e+08 2.4575e+08 3.68231e+08 3.71731e+08 2.78792e+08 2.05237e+08 2.81769e+08 2.50129e+08 2.31508e+08 2.46977e+08 3.67688e+08 3.71493e+08 2.77545e+08 2.05391e+08 2.8066e+08 2.50872e+08 2.31583e+08 2.46511e+08 3.68728e+08 3.70409e+08 2.78838e+08 2.05449e+08 2.8177e+08 2.51644e+08 2.31961e+08 2.47884e+08 3.67464e+08 3.70048e+08 2.78792e+08 2.07463e+08 2.80954e+08 2.50776e+08 2.31791e+08 2.47544e+08 3.69595e+08 3.71918e+08 2.77324e+08 2.0607e+08 2.80978e+08 2.49805e+08 2.30756e+08 2.47434e+08 3.69365e+08 3.71296e+08 2.78385e+08 2.06299e+08 2.81257e+08 2.50251e+08 2.29808e+08 2.48115e+08 3.68174e+08 3.71871e+08 2.76912e+08 2.06498e+08 2.81205e+08 2.49126e+08 2.31047e+08 2.48017e+08 3.6805e+08 3.71111e+08 2.79155e+08 2.06947e+08 2.8129e+08 2.51033e+08 2.30874e+08 2.47066e+08 3.68186e+08 3.71403e+08 2.77657e+08 2.07992e+08 2.81391e+08 2.51216e+08 2.32044e+08 2.46534e+08 3.67647e+08 3.69778e+08 2.79638e+08 2.0745e+08 2.83436e+08 2.49938e+08 2.32455e+08 2.47504e+08 3.67262e+08 3.72156e+08 2.78437e+08 2.06205e+08 2.81143e+08 2.49419e+08 2.32673e+08 2.46353e+08 3.67605e+08 3.70509e+08 2.77567e+08 2.05694e+08 2.81687e+08 2.49188e+08 2.31449e+08 2.48111e+08 3.68715e+08 3.71075e+08 2.77646e+08 2.0608e+08 2.80646e+08 2.50363e+08 2.31687e+08 2.46624e+08 3.67604e+08 3.69154e+08 2.78895e+08 2.06621e+08 2.8191e+08 2.5114e+08 2.31607e+08 2.49003e+08 3.68421e+08 3.71357e+08 2.784e+08 2.05815e+08 2.79779e+08 2.50028e+08 2.29436e+08 2.47192e+08 3.68396e+08 3.72152e+08 2.79282e+08 2.05941e+08 2.80009e+08 2.50713e+08 2.29865e+08 2.49058e+08 3.68118e+08 3.70721e+08 2.79378e+08 2.06794e+08 2.812e+08 2.50077e+08 2.31919e+08 2.48499e+08 3.68169e+08 3.71566e+08 2.80121e+08 2.07853e+08 2.81324e+08 2.50855e+08 2.32182e+08 2.48775e+08 3.68084e+08 3.70842e+08 2.77062e+08 2.07211e+08 2.81188e+08 2.50544e+08 2.31684e+08 2.46314e+08 3.67983e+08 3.70942e+08 2.77389e+08 2.08e+08 2.81728e+08 2.51157e+08 2.32009e+08 2.45731e+08 3.65938e+08 3.70959e+08 2.77155e+08 2.0672e+08 2.82112e+08 2.49791e+08 2.32627e+08 2.4575e+08 3.68231e+08 3.71731e+08 2.78792e+08 2.05237e+08 2.81769e+08 2.50129e+08 2.31508e+08 2.46977e+08 3.67688e+08 3.71493e+08 2.77545e+08 2.05391e+08 2.8066e+08 2.50872e+08 2.31583e+08 2.46511e+08 3.68728e+08 3.70409e+08 2.78838e+08 2.05449e+08 2.8177e+08 2.51644e+08 2.31961e+08 2.47884e+08 3.67464e+08 3.70048e+08 2.78792e+08 2.07463e+08 2.80954e+08 2.50776e+08 2.31791e+08 2.47544e+08 3.69595e+08 3.71918e+08 2.77324e+08 2.0607e+08 2.80978e+08 2.49805e+08 2.30756e+08 2.47434e+08 3.69365e+08 3.71296e+08 2.78385e+08 2.06299e+08 2.81257e+08 2.50251e+08 2.29808e+08 2.48115e+08 3.68174e+08 3.71871e+08 2.76912e+08 2.06498e+08 2.81205e+08 2.49126e+08 2.31047e+08 2.48017e+08 3.6805e+08 3.71111e+08 2.79155e+08 2.06947e+08 2.8129e+08 2.51033e+08 2.30874e+08 2.47066e+08 3.68186e+08 3.71403e+08 2.77657e+08 2.07992e+08 2.81391e+08 2.51216e+08 2.32044e+08 2.46534e+08 3.67647e+08 3.69778e+08 2.79638e+08 2.0745e+08 2.83436e+08 2.49938e+08 2.32455e+08 2.47504e+08 3.67262e+08 3.72156e+08 2.78437e+08 2.06205e+08 2.81143e+08 2.49419e+08 2.32673e+08 2.46353e+08 3.67605e+08 3.70509e+08 2.77567e+08 2.05694e+08 2.81687e+08 2.49188e+08 2.31449e+08 2.48111e+08 

GPU Execution Time in seconds: 0.49072
GPU Output:
3.67262e+08 3.72156e+08 2.78437e+08 2.06205e+08 2.81143e+08 2.49419e+08 2.32673e+08 2.46353e+08 3.67605e+08 3.70509e+08 2.77567e+08 2.05694e+08 2.81687e+08 2.49188e+08 2.31449e+08 2.48111e+08 3.68715e+08 3.71075e+08 2.77646e+08 2.0608e+08 2.80646e+08 2.50363e+08 2.31687e+08 2.46624e+08 3.67604e+08 3.69154e+08 2.78895e+08 2.06621e+08 2.8191e+08 2.5114e+08 2.31607e+08 2.49003e+08 3.68421e+08 3.71357e+08 2.784e+08 2.05815e+08 2.79779e+08 2.50028e+08 2.29436e+08 2.47192e+08 3.68396e+08 3.72152e+08 2.79282e+08 2.05941e+08 2.80009e+08 2.50713e+08 2.29865e+08 2.49058e+08 3.68118e+08 3.70721e+08 2.79378e+08 2.06794e+08 2.812e+08 2.50077e+08 2.31919e+08 2.48499e+08 3.68169e+08 3.71566e+08 2.80121e+08 2.07853e+08 2.81324e+08 2.50855e+08 2.32182e+08 2.48775e+08 3.68084e+08 3.70842e+08 2.77062e+08 2.07211e+08 2.81188e+08 2.50544e+08 2.31684e+08 2.46314e+08 3.67983e+08 3.70942e+08 2.77389e+08 2.08e+08 2.81728e+08 2.51157e+08 2.32009e+08 2.45731e+08 3.65938e+08 3.70959e+08 2.77155e+08 2.0672e+08 2.82112e+08 2.49791e+08 2.32627e+08 2.4575e+08 3.68231e+08 3.71731e+08 2.78792e+08 2.05237e+08 2.81769e+08 2.50129e+08 2.31508e+08 2.46977e+08 3.67688e+08 3.71493e+08 2.77545e+08 2.05391e+08 2.8066e+08 2.50872e+08 2.31583e+08 2.46511e+08 3.68728e+08 3.70409e+08 2.78838e+08 2.05449e+08 2.8177e+08 2.51644e+08 2.31961e+08 2.47884e+08 3.67464e+08 3.70048e+08 2.78792e+08 2.07463e+08 2.80954e+08 2.50776e+08 2.31791e+08 2.47544e+08 3.69595e+08 3.71918e+08 2.77324e+08 2.0607e+08 2.80978e+08 2.49805e+08 2.30756e+08 2.47434e+08 3.69365e+08 3.71296e+08 2.78385e+08 2.06299e+08 2.81257e+08 2.50251e+08 2.29808e+08 2.48115e+08 3.68174e+08 3.71871e+08 2.76912e+08 2.06498e+08 2.81205e+08 2.49126e+08 2.31047e+08 2.48017e+08 3.6805e+08 3.71111e+08 2.79155e+08 2.06947e+08 2.8129e+08 2.51033e+08 2.30874e+08 2.47066e+08 3.68186e+08 3.71403e+08 2.77657e+08 2.07992e+08 2.81391e+08 2.51216e+08 2.32044e+08 2.46534e+08 3.67647e+08 3.69778e+08 2.79638e+08 2.0745e+08 2.83436e+08 2.49938e+08 2.32455e+08 2.47504e+08 3.67262e+08 3.72156e+08 2.78437e+08 2.06205e+08 2.81143e+08 2.49419e+08 2.32673e+08 2.46353e+08 3.67605e+08 3.70509e+08 2.77567e+08 2.05694e+08 2.81687e+08 2.49188e+08 2.31449e+08 2.48111e+08 3.68715e+08 3.71075e+08 2.77646e+08 2.0608e+08 2.80646e+08 2.50363e+08 2.31687e+08 2.46624e+08 3.67604e+08 3.69154e+08 2.78895e+08 2.06621e+08 2.8191e+08 2.5114e+08 2.31607e+08 2.49003e+08 3.68421e+08 3.71357e+08 2.784e+08 2.05815e+08 2.79779e+08 2.50028e+08 2.29436e+08 2.47192e+08 3.68396e+08 3.72152e+08 2.79282e+08 2.05941e+08 2.80009e+08 2.50713e+08 2.29865e+08 2.49058e+08 3.68118e+08 3.70721e+08 2.79378e+08 2.06794e+08 2.812e+08 2.50077e+08 2.31919e+08 2.48499e+08 3.68169e+08 3.71566e+08 2.80121e+08 2.07853e+08 2.81324e+08 2.50855e+08 2.32182e+08 2.48775e+08 3.68084e+08 3.70842e+08 2.77062e+08 2.07211e+08 2.81188e+08 2.50544e+08 2.31684e+08 2.46314e+08 3.67983e+08 3.70942e+08 2.77389e+08 2.08e+08 2.81728e+08 2.51157e+08 2.32009e+08 2.45731e+08 3.65938e+08 3.70959e+08 2.77155e+08 2.0672e+08 2.82112e+08 2.49791e+08 2.32627e+08 2.4575e+08 3.68231e+08 3.71731e+08 2.78792e+08 2.05237e+08 2.81769e+08 2.50129e+08 2.31508e+08 2.46977e+08 3.67688e+08 3.71493e+08 2.77545e+08 2.05391e+08 2.8066e+08 2.50872e+08 2.31583e+08 2.46511e+08 3.68728e+08 3.70409e+08 2.78838e+08 2.05449e+08 2.8177e+08 2.51644e+08 2.31961e+08 2.47884e+08 3.67464e+08 3.70048e+08 2.78792e+08 2.07463e+08 2.80954e+08 2.50776e+08 2.31791e+08 2.47544e+08 3.69595e+08 3.71918e+08 2.77324e+08 2.0607e+08 2.80978e+08 2.49805e+08 2.30756e+08 2.47434e+08 3.69365e+08 3.71296e+08 2.78385e+08 2.06299e+08 2.81257e+08 2.50251e+08 2.29808e+08 2.48115e+08 3.68174e+08 3.71871e+08 2.76912e+08 2.06498e+08 2.81205e+08 2.49126e+08 2.31047e+08 2.48017e+08 3.6805e+08 3.71111e+08 2.79155e+08 2.06947e+08 2.8129e+08 2.51033e+08 2.30874e+08 2.47066e+08 3.68186e+08 3.71403e+08 2.77657e+08 2.07992e+08 2.81391e+08 2.51216e+08 2.32044e+08 2.46534e+08 3.67647e+08 3.69778e+08 2.79638e+08 2.0745e+08 2.83436e+08 2.49938e+08 2.32455e+08 2.47504e+08 3.67262e+08 3.72156e+08 2.78437e+08 2.06205e+08 2.81143e+08 2.49419e+08 2.32673e+08 2.46353e+08 3.67605e+08 3.70509e+08 2.77567e+08 2.05694e+08 2.81687e+08 2.49188e+08 2.31449e+08 2.48111e+08 3.68715e+08 3.71075e+08 2.77646e+08 2.0608e+08 2.80646e+08 2.50363e+08 2.31687e+08 2.46624e+08 3.67604e+08 3.69154e+08 2.78895e+08 2.06621e+08 2.8191e+08 2.5114e+08 2.31607e+08 2.49003e+08 3.68421e+08 3.71357e+08 2.784e+08 2.05815e+08 2.79779e+08 2.50028e+08 2.29436e+08 2.47192e+08 3.68396e+08 3.72152e+08 2.79282e+08 2.05941e+08 2.80009e+08 2.50713e+08 2.29865e+08 2.49058e+08 3.68118e+08 3.70721e+08 2.79378e+08 2.06794e+08 2.812e+08 2.50077e+08 2.31919e+08 2.48499e+08 3.68169e+08 3.71566e+08 2.80121e+08 2.07853e+08 2.81324e+08 2.50855e+08 2.32182e+08 2.48775e+08 3.68084e+08 3.70842e+08 2.77062e+08 2.07211e+08 2.81188e+08 2.50544e+08 2.31684e+08 2.46314e+08 3.67983e+08 3.70942e+08 2.77389e+08 2.08e+08 2.81728e+08 2.51157e+08 2.32009e+08 2.45731e+08 3.65938e+08 3.70959e+08 2.77155e+08 2.0672e+08 2.82112e+08 2.49791e+08 2.32627e+08 2.4575e+08 3.68231e+08 3.71731e+08 2.78792e+08 2.05237e+08 2.81769e+08 2.50129e+08 2.31508e+08 2.46977e+08 3.67688e+08 3.71493e+08 2.77545e+08 2.05391e+08 2.8066e+08 2.50872e+08 2.31583e+08 2.46511e+08 3.68728e+08 3.70409e+08 2.78838e+08 2.05449e+08 2.8177e+08 2.51644e+08 2.31961e+08 2.47884e+08 3.67464e+08 3.70048e+08 2.78792e+08 2.07463e+08 2.80954e+08 2.50776e+08 2.31791e+08 2.47544e+08 3.69595e+08 3.71918e+08 2.77324e+08 2.0607e+08 2.80978e+08 2.49805e+08 2.30756e+08 2.47434e+08 3.69365e+08 3.71296e+08 2.78385e+08 2.06299e+08 2.81257e+08 2.50251e+08 2.29808e+08 2.48115e+08 3.68174e+08 3.71871e+08 2.76912e+08 2.06498e+08 2.81205e+08 2.49126e+08 2.31047e+08 2.48017e+08 3.6805e+08 3.71111e+08 2.79155e+08 2.06947e+08 2.8129e+08 2.51033e+08 2.30874e+08 2.47066e+08 3.68186e+08 3.71403e+08 2.77657e+08 2.07992e+08 2.81391e+08 2.51216e+08 2.32044e+08 2.46534e+08 3.67647e+08 3.69778e+08 2.79638e+08 2.0745e+08 2.83436e+08 2.49938e+08 2.32455e+08 2.47504e+08 3.67262e+08 3.72156e+08 2.78437e+08 2.06205e+08 2.81143e+08 2.49419e+08 2.32673e+08 2.46353e+08 3.67605e+08 3.70509e+08 2.77567e+08 2.05694e+08 2.81687e+08 2.49188e+08 2.31449e+08 2.48111e+08 3.68715e+08 3.71075e+08 2.77646e+08 2.0608e+08 2.80646e+08 2.50363e+08 2.31687e+08 2.46624e+08 3.67604e+08 3.69154e+08 2.78895e+08 2.06621e+08 2.8191e+08 2.5114e+08 2.31607e+08 2.49003e+08 3.68421e+08 3.71357e+08 2.784e+08 2.05815e+08 2.79779e+08 2.50028e+08 2.29436e+08 2.47192e+08 3.68396e+08 3.72152e+08 2.79282e+08 2.05941e+08 2.80009e+08 2.50713e+08 2.29865e+08 2.49058e+08 3.68118e+08 3.70721e+08 2.79378e+08 2.06794e+08 2.812e+08 2.50077e+08 2.31919e+08 2.48499e+08 3.68169e+08 3.71566e+08 2.80121e+08 2.07853e+08 2.81324e+08 2.50855e+08 2.32182e+08 2.48775e+08 3.68084e+08 3.70842e+08 2.77062e+08 2.07211e+08 2.81188e+08 2.50544e+08 2.31684e+08 2.46314e+08 3.67983e+08 3.70942e+08 2.77389e+08 2.08e+08 2.81728e+08 2.51157e+08 2.32009e+08 2.45731e+08 3.65938e+08 3.70959e+08 2.77155e+08 2.0672e+08 2.82112e+08 2.49791e+08 2.32627e+08 2.4575e+08 3.68231e+08 3.71731e+08 2.78792e+08 2.05237e+08 2.81769e+08 2.50129e+08 2.31508e+08 2.46977e+08 3.67688e+08 3.71493e+08 2.77545e+08 2.05391e+08 2.8066e+08 2.50872e+08 2.31583e+08 2.46511e+08 3.68728e+08 3.70409e+08 2.78838e+08 2.05449e+08 2.8177e+08 2.51644e+08 2.31961e+08 2.47884e+08 3.67464e+08 3.70048e+08 2.78792e+08 2.07463e+08 2.80954e+08 2.50776e+08 2.31791e+08 2.47544e+08 3.69595e+08 3.71918e+08 2.77324e+08 2.0607e+08 2.80978e+08 2.49805e+08 2.30756e+08 2.47434e+08 3.69365e+08 3.71296e+08 2.78385e+08 2.06299e+08 2.81257e+08 2.50251e+08 2.29808e+08 2.48115e+08 3.68174e+08 3.71871e+08 2.76912e+08 2.06498e+08 2.81205e+08 2.49126e+08 2.31047e+08 2.48017e+08 3.6805e+08 3.71111e+08 2.79155e+08 2.06947e+08 2.8129e+08 2.51033e+08 2.30874e+08 2.47066e+08 3.68186e+08 3.71403e+08 2.77657e+08 2.07992e+08 2.81391e+08 2.51216e+08 2.32044e+08 2.46534e+08 3.67647e+08 3.69778e+08 2.79638e+08 2.0745e+08 2.83436e+08 2.49938e+08 2.32455e+08 2.47504e+08 3.67262e+08 3.72156e+08 2.78437e+08 2.06205e+08 2.81143e+08 2.49419e+08 2.32673e+08 2.46353e+08 3.67605e+08 3.70509e+08 2.77567e+08 2.05694e+08 2.81687e+08 2.49188e+08 2.31449e+08 2.48111e+08 3.68715e+08 3.71075e+08 2.77646e+08 2.0608e+08 2.80646e+08 2.50363e+08 2.31687e+08 2.46624e+08 3.67604e+08 3.69154e+08 2.78895e+08 2.06621e+08 2.8191e+08 2.5114e+08 2.31607e+08 2.49003e+08 3.68421e+08 3.71357e+08 2.784e+08 2.05815e+08 2.79779e+08 2.50028e+08 2.29436e+08 2.47192e+08 3.68396e+08 3.72152e+08 2.79282e+08 2.05941e+08 2.80009e+08 2.50713e+08 2.29865e+08 2.49058e+08 3.68118e+08 3.70721e+08 2.79378e+08 2.06794e+08 2.812e+08 2.50077e+08 2.31919e+08 2.48499e+08 3.68169e+08 3.71566e+08 2.80121e+08 2.07853e+08 2.81324e+08 2.50855e+08 2.32182e+08 2.48775e+08 3.68084e+08 3.70842e+08 2.77062e+08 2.07211e+08 2.81188e+08 2.50544e+08 2.31684e+08 2.46314e+08 3.67983e+08 3.70942e+08 2.77389e+08 2.08e+08 2.81728e+08 2.51157e+08 2.32009e+08 2.45731e+08 3.65938e+08 3.70959e+08 2.77155e+08 2.0672e+08 2.82112e+08 2.49791e+08 2.32627e+08 2.4575e+08 3.68231e+08 3.71731e+08 2.78792e+08 2.05237e+08 2.81769e+08 2.50129e+08 2.31508e+08 2.46977e+08 3.67688e+08 3.71493e+08 2.77545e+08 2.05391e+08 2.8066e+08 2.50872e+08 2.31583e+08 2.46511e+08 3.68728e+08 3.70409e+08 2.78838e+08 2.05449e+08 2.8177e+08 2.51644e+08 2.31961e+08 2.47884e+08 3.67464e+08 3.70048e+08 2.78792e+08 2.07463e+08 2.80954e+08 2.50776e+08 2.31791e+08 2.47544e+08 3.69595e+08 3.71918e+08 2.77324e+08 2.0607e+08 2.80978e+08 2.49805e+08 2.30756e+08 2.47434e+08 3.69365e+08 3.71296e+08 2.78385e+08 2.06299e+08 2.81257e+08 2.50251e+08 2.29808e+08 2.48115e+08 3.68174e+08 3.71871e+08 2.76912e+08 2.06498e+08 2.81205e+08 2.49126e+08 2.31047e+08 2.48017e+08 3.6805e+08 3.71111e+08 2.79155e+08 2.06947e+08 2.8129e+08 2.51033e+08 2.30874e+08 2.47066e+08 3.68186e+08 3.71403e+08 2.77657e+08 2.07992e+08 2.81391e+08 2.51216e+08 2.32044e+08 2.46534e+08 3.67647e+08 3.69778e+08 2.79638e+08 2.0745e+08 2.83436e+08 2.49938e+08 2.32455e+08 2.47504e+08 3.67262e+08 3.72156e+08 2.78437e+08 2.06205e+08 2.81143e+08 2.49419e+08 2.32673e+08 2.46353e+08 3.67605e+08 3.70509e+08 2.77567e+08 2.05694e+08 2.81687e+08 2.49188e+08 2.31449e+08 2.48111e+08 3.68715e+08 3.71075e+08 2.77646e+08 2.0608e+08 2.80646e+08 2.50363e+08 2.31687e+08 2.46624e+08 3.67604e+08 3.69154e+08 2.78895e+08 2.06621e+08 2.8191e+08 2.5114e+08 2.31607e+08 2.49003e+08 3.68421e+08 3.71357e+08 2.784e+08 2.05815e+08 2.79779e+08 2.50028e+08 2.29436e+08 2.47192e+08 3.68396e+08 3.72152e+08 2.79282e+08 2.05941e+08 2.80009e+08 2.50713e+08 2.29865e+08 2.49058e+08 3.68118e+08 3.70721e+08 2.79378e+08 2.06794e+08 2.812e+08 2.50077e+08 2.31919e+08 2.48499e+08 3.68169e+08 3.71566e+08 2.80121e+08 2.07853e+08 2.81324e+08 2.50855e+08 2.32182e+08 2.48775e+08 3.68084e+08 3.70842e+08 2.77062e+08 2.07211e+08 2.81188e+08 2.50544e+08 2.31684e+08 2.46314e+08 3.67983e+08 3.70942e+08 2.77389e+08 2.08e+08 2.81728e+08 2.51157e+08 2.32009e+08 2.45731e+08 3.65938e+08 3.70959e+08 2.77155e+08 2.0672e+08 2.82112e+08 2.49791e+08 2.32627e+08 2.4575e+08 3.68231e+08 3.71731e+08 2.78792e+08 2.05237e+08 2.81769e+08 2.50129e+08 2.31508e+08 2.46977e+08 3.67688e+08 3.71493e+08 2.77545e+08 2.05391e+08 2.8066e+08 2.50872e+08 2.31583e+08 2.46511e+08 3.68728e+08 3.70409e+08 2.78838e+08 2.05449e+08 2.8177e+08 2.51644e+08 2.31961e+08 2.47884e+08 3.67464e+08 3.70048e+08 2.78792e+08 2.07463e+08 2.80954e+08 2.50776e+08 2.31791e+08 2.47544e+08 3.69595e+08 3.71918e+08 2.77324e+08 2.0607e+08 2.80978e+08 2.49805e+08 2.30756e+08 2.47434e+08 3.69365e+08 3.71296e+08 2.78385e+08 2.06299e+08 2.81257e+08 2.50251e+08 2.29808e+08 2.48115e+08 3.68174e+08 3.71871e+08 2.76912e+08 2.06498e+08 2.81205e+08 2.49126e+08 2.31047e+08 2.48017e+08 3.6805e+08 3.71111e+08 2.79155e+08 2.06947e+08 2.8129e+08 2.51033e+08 2.30874e+08 2.47066e+08 3.68186e+08 3.71403e+08 2.77657e+08 2.07992e+08 2.81391e+08 2.51216e+08 2.32044e+08 2.46534e+08 3.67647e+08 3.69778e+08 2.79638e+08 2.0745e+08 2.83436e+08 2.49938e+08 2.32455e+08 2.47504e+08 3.67262e+08 3.72156e+08 2.78437e+08 2.06205e+08 2.81143e+08 2.49419e+08 2.32673e+08 2.46353e+08 3.67605e+08 3.70509e+08 2.77567e+08 2.05694e+08 2.81687e+08 2.49188e+08 2.31449e+08 2.48111e+08 

TEST PASSED
